285
285
1224
1355
1624
360
278
698
272
170
404
413
137
501
219
1274
165
375
33
312
285
295
449
717
24
5
189
395
28
1228
611
184
260
521
169
317
540
691
787
889
163
113
289
503
283
57
1108
338
103
1531
395
508
151
67
506
199
27
114
72
555
11
173
1131
171
287
105
240
1393
340
725
232
129
540
392
555
25
541
3
277
443
635
253
455
469
1032
200
184
271
15
592
231
219
31
162
286
719
107
193
95
561
67
501
519
881
271
228
636
579
16
71
619
173
780
1045
401
1891
393
785
117
181
144
15
206
501
61
623
236
25
137
207
261
1032
26
235
267
211
87
398
41
94
79
567
493
704
36
289
221
481
158
242
525
583
85
1099
163
683
587
1359
164
122
21
151
1151
888
315
693
26
185
275
140
1552
365
61
615
122
788
279
507
475
135
295
97
181
69
84
267
105
715
240
477
721
1259
559
21
163
162
11
17
32
168
485
65
378
5
115
1144
1330
100
391
566
147
293
307
50
559
349
629
347
1445
265
956
169
179
56
332
1123
157
321
47
726
16
169
97
271
191
213
587
341
343
80
250
192
57
231
119
295
107
119
278
897
47
879
194
769
251
176
1079
11
427
79
379
503
393
273
1259
323
553
285
2
135
1015
290
29
433
501
772
363
306
128
106
504
361
128
688
197
842
753
221
507
171
270
1461
147
205
68
904
306
163
557
87
420
163
608
173
769
389
134
736
92
652
884
486
389
1011
943
54
29
132
363
474
434
1332
857
47
67
1554
17
166
779
269
15
14
84
356
350
1640
130
669
20
640
66
469
367
10
277
817
150
52
154
195
82
2
742
446
1438
154
485
358
365
557
204
83
599
653
375
155
439
123
196
657
87
320
1191
245
537
185
159
1011
183
271
271
64
97
140
30
313
168
57
119
590
309
514
31
371
286
260
382
747
225
110
1195
864
59
211
832
547
27
1191
282
49
188
361
317
53
77
537
484
497
862
827
925
1167
125
672
559
261
97
147
458
97
1109
121
806
89
247
123
511
554
362
418
60
1187
162
409
25
227
225
347
215
116
633
111
287
235
548
500
180
282
115
723
2
219
1135
275
569
421
2893
968
150
19
1100
41
198
857
481
589
2206
387
111
385
55
12
94
475
507
45
55
45
55
